17 17 11
152 152 98
122 122 7a
28 28 1c
89 89 59
46 46 2e
110 110 6e
219 219 db
45 45 2d
203 203 cb
33 33 21
86 86 56
113 113 71
145 145 91
194 194 c2
115 115 73
84 84 54
176 176 b0
183 183 b7
50 50 32
203 203 cb
244 244 f4
13 13 d
123 123 7b
254 254 fe
114 114 72
32 32 20
44 44 2c
153 153 99
98 98 62
154 154 9a
58 58 3a
110 110 6e
178 178 b2
97 97 61
146 146 92
31 31 1f
51 51 33
39 39 27
149 149 95
174 174 ae
123 123 7b
222 222 de
61 61 3d
41 41 29
249 249 f9
225 225 e1
68 68 44
83 83 53
94 94 5e
66 66 42
74 74 4a
0 0 0
161 161 a1
5 5 5
109 109 6d
181 181 b5
209 209 d1
7 7 7
25 25 19
102 102 66
226 226 e2
190 190 be
228 228 e4
177 177 b1
186 186 ba
196 196 c4
100 100 64
105 105 69
156 156 9c
37 37 25
203 203 cb
242 242 f2
162 162 a2
112 112 70
168 168 a8
252 252 fc
29 29 1d
225 225 e1
53 53 35
196 196 c4
35 35 23
242 242 f2
40 40 28
230 230 e6
27 27 1b
72 72 48
170 170 aa
237 237 ed
219 219 db
39 39 27
106 106 6a
38 38 26
243 243 f3
157 157 9d
33 33 21
211 211 d3
37 37 25
114 114 72
239 239 ef
154 154 9a
193 193 c1
105 105 69
222 222 de
252 252 fc
248 248 f8
139 139 8b
181 181 b5
66 66 42
12 12 c
112 112 70
10 10 a
108 108 6c
194 194 c2
126 126 7e
46 46 2e
19 19 13
44 44 2c
69 69 45
224 224 e0
140 140 8c
12 12 c
200 200 c8
142 142 8e
49 49 31
47 47 2f
196 196 c4
188 188 bc
117 117 75
113 113 71
72 72 48
166 166 a6
216 216 d8
191 191 bf
179 179 b3
186 186 ba
47 47 2f
214 214 d6
119 119 77
209 209 d1
205 205 cd
25 25 19
6 6 6
44 44 2c
247 247 f7
224 224 e0
94 94 5e
196 196 c4
230 230 e6
103 103 67
152 152 98
177 177 b1
10 10 a
246 246 f6
105 105 69
5 5 5
46 46 2e
148 148 94
213 213 d5
37 37 25
229 229 e5
68 68 44
98 98 62
198 198 c6
97 97 61
129 129 81
124 124 7c
100 100 64
179 179 b3
78 78 4e
7 7 7
183 183 b7
253 253 fd
72 72 48
56 56 38
251 251 fb
230 230 e6
161 161 a1
174 174 ae
1 1 1
22 22 16
98 98 62
74 74 4a
29 29 1d
185 185 b9
249 249 f9
128 128 80
23 23 17
122 122 7a
6 6 6
1 1 1
142 142 8e
80 80 50
185 185 b9
243 243 f3
44 44 2c
182 182 b6
227 227 e3
111 111 6f
52 52 34
246 246 f6
164 164 a4
26 26 1a
43 43 2b
18 18 12
17 17 11
130 130 82
48 48 30
156 156 9c
233 233 e9
177 177 b1
234 234 ea
170 170 aa
74 74 4a
189 189 bd
153 153 99
37 37 25
167 167 a7
49 49 31
148 148 94
89 89 59
158 158 9e
174 174 ae
12 12 c
192 192 c0
145 145 91
143 143 8f
210 210 d2
236 236 ec
153 153 99
5 5 5
130 130 82
236 236 ec
5 5 5
251 251 fb
161 161 a1
40 40 28
206 206 ce
67 67 43
138 138 8a
112 112 70
168 168 a8
5 5 5
15 15 f
116 116 74
172 172 ac
113 113 71
96 96 60
13 13 d
88 88 58
14 14 e
17 17 11
10 10 a
190 190 be
136 136 88
73 73 49
118 118 76
135 135 87
68 68 44
1 1 1
146 146 92
30 30 1e
19 19 13
248 248 f8
30 30 1e
114 114 72
116 116 74
200 200 c8
170 170 aa
204 204 cc
9 9 9
48 48 30
162 162 a2
224 224 e0
41 41 29
168 168 a8
103 103 67
235 235 eb
145 145 91
63 63 3f
214 214 d6
203 203 cb
69 69 45
93 93 5d
159 159 9f
203 203 cb
191 191 bf
152 152 98
210 210 d2
43 43 2b
82 82 52
113 113 71
64 64 40
64 64 40
66 66 42
210 210 d2
210 210 d2
146 146 92
56 56 38
212 212 d4
155 155 9b
112 112 70
112 112 70
56 56 38
45 45 2d
46 46 2e
238 238 ee
247 247 f7
68 68 44
221 221 dd
38 38 26
28 28 1c
89 89 59
168 168 a8
15 15 f
222 222 de
131 131 83
246 246 f6
219 219 db
191 191 bf
183 183 b7
43 43 2b
228 228 e4
122 122 7a
240 240 f0
227 227 e3
41 41 29
219 219 db
80 80 50
52 52 34
58 58 3a
63 63 3f
189 189 bd
22 22 16
230 230 e6
128 128 80
11 11 b
50 50 32
244 244 f4
244 244 f4
227 227 e3
67 67 43
136 136 88
61 61 3d
217 217 d9
206 206 ce
43 43 2b
125 125 7d
146 146 92
187 187 bb
28 28 1c
111 111 6f
140 140 8c
115 115 73
5 5 5
16 16 10
226 226 e2
14 14 e
178 178 b2
54 54 36
19 19 13
209 209 d1
189 189 bd
109 109 6d
196 196 c4
20 20 14
208 208 d0
181 181 b5
47 47 2f
121 121 79
160 160 a0
190 190 be
24 24 18
70 70 46
106 106 6a
177 177 b1
98 98 62
109 109 6d
219 219 db
236 236 ec
76 76 4c
36 36 24
198 198 c6
190 190 be
60 60 3c
14 14 e
153 153 99
100 100 64
76 76 4c
163 163 a3
108 108 6c
46 46 2e
210 210 d2
208 208 d0
84 84 54
30 30 1e
172 172 ac
41 41 29
63 63 3f
81 81 51
95 95 5f
158 158 9e
1 1 1
24 24 18
187 187 bb
125 125 7d
80 80 50
3 3 3
153 153 99
185 185 b9
91 91 5b
163 163 a3
109 109 6d
67 67 43
169 169 a9
18 18 12
116 116 74
68 68 44
244 244 f4
101 101 65
227 227 e3
1 1 1
210 210 d2
16 16 10
70 70 46
226 226 e2
40 40 28
108 108 6c
220 220 dc
163 163 a3
22 22 16
107 107 6b
181 181 b5
189 189 bd
74 74 4a
132 132 84
236 236 ec
11 11 b
81 81 51
8 8 8
155 155 9b
92 92 5c
79 79 4f
144 144 90
232 232 e8
173 173 ad
206 206 ce
243 243 f3
226 226 e2
245 245 f5
164 164 a4
66 66 42
54 54 36
102 102 66
83 83 53
108 108 6c
28 28 1c
123 123 7b
79 79 4f
8 8 8
36 36 24
23 23 17
102 102 66
93 93 5d
194 194 c2
106 106 6a
60 60 3c
156 156 9c
247 247 f7
251 251 fb
202 202 ca
19 19 13
125 125 7d
0 0 0
195 195 c3
162 162 a2
69 69 45
131 131 83
0 0 0
77 77 4d
160 160 a0
153 153 99
19 19 13
123 123 7b
93 93 5d
48 48 30
46 46 2e
25 25 19
47 47 2f
224 224 e0
173 173 ad
83 83 53
221 221 dd
152 152 98
57 57 39
206 206 ce
88 88 58
239 239 ef
8 8 8
115 115 73
13 13 d
95 95 5f
4 4 4
27 27 1b
239 239 ef
14 14 e
67 67 43
245 245 f5
215 215 d7
178 178 b2
124 124 7c
31 31 1f
142 142 8e
197 197 c5
16 16 10
21 21 15
55 55 37
168 168 a8
127 127 7f
233 233 e9
222 222 de
148 148 94
119 119 77
120 120 78
8 8 8
143 143 8f
192 192 c0
178 178 b2
8 8 8
140 140 8c
21 21 15
39 39 27
13 13 d
226 226 e2
80 80 50
101 101 65
201 201 c9
241 241 f1
252 252 fc
67 67 43
199 199 c7
71 71 47
22 22 16
68 68 44
243 243 f3
170 170 aa
237 237 ed
229 229 e5
214 214 d6
90 90 5a
68 68 44
12 12 c
114 114 72
248 248 f8
194 194 c2
205 205 cd
109 109 6d
131 131 83
47 47 2f
93 93 5d
2 2 2
150 150 96
24 24 18
98 98 62
145 145 91
58 58 3a
186 186 ba
171 171 ab
114 114 72
102 102 66
75 75 4b
87 87 57
141 141 8d
233 233 e9
173 173 ad
90 90 5a
142 142 8e
42 42 2a
